	-0.0765265211334973337546404093988382110047962668134975008047952443842563420483369782415451141815562156069985056463641327044405378245712628847111887172768133849480713034639232220573314968967976578624002126908309880442644981195204905648677468155050797193996060978666309220354740163118897397462
	0.0765265211334973337546404093988382110047962668134975008047952443842563420483369782415451141815562156069985056463641327044405378245712628847111887172768133849480713034639232220573314968967976578624002126908309880442644981195204905648677468155050797193996060978666309220354740163118897397462
	-0.2277858511416450780804961953685746247430889376829274723146357392071713418635558277949521251909687080317737313156043021742990408764128121348527309473103510231012088770889101526899727869312951647279166230222083532237485779698033678575987234663095414012801053067685591624158148344361195752847
	0.2277858511416450780804961953685746247430889376829274723146357392071713418635558277949521251909687080317737313156043021742990408764128121348527309473103510231012088770889101526899727869312951647279166230222083532237485779698033678575987234663095414012801053067685591624158148344361195752847
	-0.3737060887154195606725481770249272373957463217056827118279486135156457643730595278958956836345333789447677220885281501530593501068444273954500663893598076876632116269160694032156736748270203663186845460433681971911054257380408445871617371947413964535372457387465138670353227723685242870666
	0.3737060887154195606725481770249272373957463217056827118279486135156457643730595278958956836345333789447677220885281501530593501068444273954500663893598076876632116269160694032156736748270203663186845460433681971911054257380408445871617371947413964535372457387465138670353227723685242870666
	-0.5108670019508270980043640509552509984254913292024268334723486198947349703907657281440316830508677791983294306884352623565652540225691147912695617386450606003834133539672964815466909956561514101091590010957544863926131866746678211741307841744076338006709425045419675774556151498035520402212
	0.5108670019508270980043640509552509984254913292024268334723486198947349703907657281440316830508677791983294306884352623565652540225691147912695617386450606003834133539672964815466909956561514101091590010957544863926131866746678211741307841744076338006709425045419675774556151498035520402212
	-0.6360536807265150254528366962262859367433891167993684639394466225465412625854301325587031954957613065821171093777259573620410810297092032405446994739443650537331906321586488794157012474756582161960205379517855031717327595950200970542877586428866635712964405838287500018038820406993696960313
	0.6360536807265150254528366962262859367433891167993684639394466225465412625854301325587031954957613065821171093777259573620410810297092032405446994739443650537331906321586488794157012474756582161960205379517855031717327595950200970542877586428866635712964405838287500018038820406993696960313
	-0.7463319064601507926143050703556415903107306795691764441395459060685353550381550646811041136206475206123849006516765614963114309728028906789375472400269214183897220068963288979058850209548743013321442485351491957120911186313909609633405415948092225881978601529357254454910055662779167650089
	0.7463319064601507926143050703556415903107306795691764441395459060685353550381550646811041136206475206123849006516765614963114309728028906789375472400269214183897220068963288979058850209548743013321442485351491957120911186313909609633405415948092225881978601529357254454910055662779167650089
	-0.8391169718222188233945290617015206853296293650656373732524927255328610939993248099192293405659576492206042203530691409455744267670339561156784556927871651303614757720382422461584374656765616405754841392655432820150389419609038711147956974464600816733249843930304105365594281399220263222406
	0.8391169718222188233945290617015206853296293650656373732524927255328610939993248099192293405659576492206042203530691409455744267670339561156784556927871651303614757720382422461584374656765616405754841392655432820150389419609038711147956974464600816733249843930304105365594281399220263222406
	-0.9122344282513259058677524412032981130491847974236917747958822191580708912087190789364447261929213873787603917546460264117368633829388364812137731072764160539290861731887984543836691517730025113125160507543614452998823427889139340036155775261652542681121293143129162250026709325798464559842
	0.9122344282513259058677524412032981130491847974236917747958822191580708912087190789364447261929213873787603917546460264117368633829388364812137731072764160539290861731887984543836691517730025113125160507543614452998823427889139340036155775261652542681121293143129162250026709325798464559842
	-0.9639719272779137912676661311972772219120603278061888560635375938920415807843830569800181252559647156313104349159642305288604107945950841916012896973856125442362722204039344929993138383198252917335788877307216356759417337912146196947795957049391561976704802249548893795179890457356617851265
	0.9639719272779137912676661311972772219120603278061888560635375938920415807843830569800181252559647156313104349159642305288604107945950841916012896973856125442362722204039344929993138383198252917335788877307216356759417337912146196947795957049391561976704802249548893795179890457356617851265
	-0.9931285991850949247861223884713202782226471309016558961481841312179847176277537808394494024965722092747289403472441901380148603873987776712384136792903672018478363391883474614446467923321455848994412127013518584596328653839755407926529209842664597749680291209275759831792849248136886138353
	0.9931285991850949247861223884713202782226471309016558961481841312179847176277537808394494024965722092747289403472441901380148603873987776712384136792903672018478363391883474614446467923321455848994412127013518584596328653839755407926529209842664597749680291209275759831792849248136886138353