	0.1527533871307258506980843319550975934919486451123785972747010498175974531627377815355724878365039059354400184281378782601150279679600783005530039321842277357554019203124915100518499038184507289979208511728338097884847930234840391745787787603960313774754576020521238652300682735542710944263
	0.1527533871307258506980843319550975934919486451123785972747010498175974531627377815355724878365039059354400184281378782601150279679600783005530039321842277357554019203124915100518499038184507289979208511728338097884847930234840391745787787603960313774754576020521238652300682735542710944263
	0.1491729864726037467878287370019694366926799040813683164962112178098444225955867806939613260352104810517091385456733800686575677792178649430941723424667532046356472774228709560694803833239714102500755019738911703717170310002053316744710774788331941474319396315320062727688974661711619397638
	0.1491729864726037467878287370019694366926799040813683164962112178098444225955867806939613260352104810517091385456733800686575677792178649430941723424667532046356472774228709560694803833239714102500755019738911703717170310002053316744710774788331941474319396315320062727688974661711619397638
	0.1420961093183820513292983250671649330345154133920203033373670829838280874979343676169492242832005826013306857366620140189402437272742182737236253724487588567621276688265922710626976924994669598575042368845029007422245631263596983756760256569446985608014039758824276822804479323371308934112
	0.1420961093183820513292983250671649330345154133920203033373670829838280874979343676169492242832005826013306857366620140189402437272742182737236253724487588567621276688265922710626976924994669598575042368845029007422245631263596983756760256569446985608014039758824276822804479323371308934112
	0.131688638449176626898494499748163134916110511146983526996436493708854356429480933143557975183972629245105980054636247016400316830607538704952932577689132201902021181666362879795141713525128804030525410925388026264783643215389540368786522194165102288258575353624172248387510459119776031765
	0.131688638449176626898494499748163134916110511146983526996436493708854356429480933143557975183972629245105980054636247016400316830607538704952932577689132201902021181666362879795141713525128804030525410925388026264783643215389540368786522194165102288258575353624172248387510459119776031765
	0.1181945319615184173123773777113822870050412195489687754468899520201747483505115163057286878258190174460626754309231659133886817937422099122542309757118513383856290919785688442004649951483215887378851802439188486330757698272816855138495620519895987774292383111032264708641859679188600095692
	0.1181945319615184173123773777113822870050412195489687754468899520201747483505115163057286878258190174460626754309231659133886817937422099122542309757118513383856290919785688442004649951483215887378851802439188486330757698272816855138495620519895987774292383111032264708641859679188600095692
	0.1019301198172404350367501354803498761666916560233925562619716161968523220253943464753493157694798582137585903552548326593234407721971982947468111885795226965581584345480416762264760609122842382150145830070657006817955059316458539298252170005077219224922112385771403739725657450818783267313
	0.1019301198172404350367501354803498761666916560233925562619716161968523220253943464753493157694798582137585903552548326593234407721971982947468111885795226965581584345480416762264760609122842382150145830070657006817955059316458539298252170005077219224922112385771403739725657450818783267313
	0.0832767415767047487247581432220462061001778285831632907448820607856930828940794194713751908437908393490961161119327637705991492770889027822910222187699193186160700364391275137979683413090460002469936166941844144330159650771507260085403067307251888321939680464514855705930284166808865996089
	0.0832767415767047487247581432220462061001778285831632907448820607856930828940794194713751908437908393490961161119327637705991492770889027822910222187699193186160700364391275137979683413090460002469936166941844144330159650771507260085403067307251888321939680464514855705930284166808865996089
	0.0626720483341090635695065351870416063516010765784363640995843454379748110336656786445637660568322035126032533995920732617572100906357057485305643635379372052174565132880956643096197824783282502822044536246229255150791963516814947223936297508668215819063938781024256991067440283222516531374
	0.0626720483341090635695065351870416063516010765784363640995843454379748110336656786445637660568322035126032533995920732617572100906357057485305643635379372052174565132880956643096197824783282502822044536246229255150791963516814947223936297508668215819063938781024256991067440283222516531374
	0.0406014298003869413310399522749321098790906399899515368176068545618322967509873282955389206230443849761898257096750750226100388420589263242455270189562763042394217695623102760213193663915194028524305033283414664156073509698450908818586062170756508088247402639869134213644998336627334563899
	0.0406014298003869413310399522749321098790906399899515368176068545618322967509873282955389206230443849761898257096750750226100388420589263242455270189562763042394217695623102760213193663915194028524305033283414664156073509698450908818586062170756508088247402639869134213644998336627334563899
	0.017614007139152118311861962351852816362143105543336732524349326677348419259621847817403105542146097668703716227512570008208322919217356715608110009655621137928066105955538408464981760593482616529445662145250737154216181476956539350020274158495991703186071698688078395432051877120218676412
	0.017614007139152118311861962351852816362143105543336732524349326677348419259621847817403105542146097668703716227512570008208322919217356715608110009655621137928066105955538408464981760593482616529445662145250737154216181476956539350020274158495991703186071698688078395432051877120218676412